       1.000    1755.053
       2.000    1622.100
       3.000    1847.737
       4.000    3185.842
       5.000    2495.526
       6.000    1623.120
       7.000    1670.525
       8.000    1617.481
       9.000    2031.884
      10.000    1648.374
      11.000    2627.051
      12.000    1619.332
      13.000    4593.098
      14.000    2513.148
      15.000    4369.642
      16.000    1624.264
      17.000    1627.060
      18.000    1806.942
      19.000    1618.919
      20.000    2049.929
      21.000    1619.589
      22.000    1929.008
      23.000    1637.400
      24.000    1956.880
      25.000    1621.919
      51.000    1737.366
      52.000    1619.059
      53.000    1782.683
      54.000    1621.735
      55.000    1628.793
      56.000    1628.030
      57.000    1626.019
      58.000    1812.123
      59.000    1649.036
      60.000    1625.440
      61.000    1828.000
      62.000    1624.326
      63.000    1619.332
      64.000    1622.312
      65.000    1812.621
      66.000    1623.136
      67.000    1644.049
      68.000    2026.489
      69.000    3291.753
      70.000    1618.919
      71.000    4822.542
      72.000    1767.381
      73.000    1618.919
      74.000    1619.103
      75.000    1670.168
      26.000    1617.742
      27.000    1767.085
      28.000    2705.106
      29.000    1623.120
      30.000    1622.312
      31.000    1913.322
      32.000    1629.463
      33.000    1621.324
      34.000    1619.332
      35.000    1623.274
      36.000    1630.876
      37.000    2066.087
      38.000    3276.064
      39.000    1624.923
      40.000    1717.115
      41.000    1835.259
      42.000    1821.012
      43.000    2698.078
      44.000    1638.072
      45.000    1624.923
      46.000    3087.893
      47.000    1642.834
      48.000    1619.884
      49.000    1621.372
      50.000    2078.102
      76.000    1624.842
      77.000    1643.777
      78.000    1624.924
      79.000    1617.666
      80.000    1719.312
      81.000    1643.880
      82.000    1622.312
      83.000    1643.560
      84.000    1621.778
      85.000    1626.969
      86.000    1622.245
      87.000    1670.301
      88.000    4138.449
      89.000    3397.797
      90.000    1622.245
      91.000    2038.177
      92.000    1628.065
      93.000    1842.303
      94.000    1720.067
      95.000    2079.758
      96.000    1619.259
      97.000    1641.832
      98.000    1837.893
      99.000    1619.589
     100.000    2025.942
