    198600.0   1939600.0          11.2
    198675.0   1939600.0          11.6
    198750.0   1939600.0          12.0
    198825.0   1939600.0          12.5
    198900.0   1939600.0          13.0
    198975.0   1939600.0          13.5
    199050.0   1939600.0          14.0
    199125.0   1939600.0          14.5
    199200.0   1939600.0          15.1
    199275.0   1939600.0          15.6
    199350.0   1939600.0          16.2
    199425.0   1939600.0          16.8
    199500.0   1939600.0          17.4
