17.547,78.212,54
17.533,78.195,57
17.531,78.193,51
17.532,78.189,63
17.53,78.183,58
17.532,78.18,56
17.533,78.18,53
17.533,78.179,58
17.534,78.178,63
17.535,78.177,60
17.536,78.175,59
17.537,78.173,59
17.538,78.174,58
17.539,78.175,70
17.54,78.174,66
17.542,78.172,68
17.54,78.176,74
17.542,78.176,85
17.543,78.177,85
17.544,78.176,58
17.543,78.179,53
17.543,78.179,58
17.542,78.18,59
17.542,78.181,55
17.541,78.183,53
17.542,78.183,55
17.54,78.185,51
17.539,78.188,55
17.539,78.192,58
17.54,78.192,52
17.539,78.194,53
17.535,78.194,52
17.531,78.193,52
17.537,78.187,52
17.535,78.185,60
17.534,78.184,64
17.535,78.18,84
17.535,78.179,82
17.534,78.178,60
17.536,78.179,76
17.537,78.179,70
17.536,78.178,85
17.536,78.175,60
17.535,78.173,57
17.534,78.174,63
17.532,78.175,59
17.531,78.175,54
17.528,78.176,52
17.527,78.174,57
17.528,78.172,57
17.531,78.171,57
17.534,78.168,67
17.534,78.171,64
17.535,78.173,68
17.538,78.174,69
17.539,78.175,80
17.542,78.18,57
17.541,78.18,59
17.539,78.179,60
17.538,78.178,80
17.537,78.177,70
17.535,78.177,79
17.535,78.178,68
17.536,78.179,75
17.539,78.18,52
17.538,78.181,85
17.539,78.182,64
17.539,78.185,53
17.537,78.185,61
17.536,78.184,56
17.535,78.183,58
17.533,78.182,62
17.523,78.175,52
17.529,78.177,56
17.527,78.18,52
17.528,78.183,52
17.529,78.182,56
17.53,78.182,60
17.528,78.187,52
17.532,78.181,60
17.533,78.18,85
17.532,78.178,75
17.531,78.176,65
17.531,78.175,65
17.53,78.173,63
17.527,78.172,53
17.531,78.186,51
17.532,78.189,52
17.533,78.195,51
