      41.524
     629.589
     562.800
     174.259
    1910.520
     224.521
     935.263
     854.752
      71.661
     437.470
     562.800
     163.529
    2010.308
     244.017
     936.955
     415.082
      67.510
     588.938
     936.711
      67.510
     629.589
     261.441
    1268.274
     105.825
     124.992
     929.669
     762.568
     323.343
     431.230
     431.230
    1277.388
     207.332
     162.057
     943.390
    1453.275
     435.244
     572.536
     588.938
     923.112
     101.084
     533.708
     920.403
     805.778
     351.627
     426.290
     929.669
    1106.662
     108.170
     914.032
     993.380
     509.855
    2666.209
     389.033
     936.711
    1047.426
     144.679
     831.442
     598.105
     479.210
    3048.071
     169.098
     912.003
     792.756
     174.602
     831.908
     523.134
     770.491
     831.908
     159.696
     721.233
     749.542
      83.999
     936.955
     385.037
     270.057
    1277.388
     187.459
     847.752
     619.871
     546.704
     914.032
     485.334
     370.033
     389.033
     252.809
     168.963
     145.394
     124.992
      71.661
