       1.054
       0.637
       0.448
       0.567
       0.644
       0.756
       0.827
       0.945
       1.623
       1.456
       1.528
       1.370
       1.174
       1.040
       1.018
       1.200
       1.308
       1.685
       1.931
       2.271
       4.825
       4.957
       5.663
       6.353
       6.962
       4.727
       7.969
       6.822
       4.166
       2.804
       1.969
       1.817
       1.077
       2.276
       5.233
       2.747
       2.828
      15.001
     100.485
      38.588
      18.041
      10.289
      21.915
      18.721
      12.943
       2.327
       2.632
