       1.564
       0.850
       0.528
       0.691
       0.792
       0.947
       1.047
       1.202
       2.605
       1.944
       2.131
       1.892
       1.582
       1.381
       1.401
       1.718
       1.830
       2.479
       2.974
       3.605
      10.898
      12.217
      13.979
      14.054
      12.194
       6.283
       6.858
      10.664
       7.295
       4.735
       3.226
       2.914
       1.610
       3.243
       3.056
       3.154
       2.373
     108.687
      14.917
       8.894
       7.864
       8.208
      68.589
      31.231
      22.034
       3.556
       3.967
