      14.385
       5.168
       1.127
       2.279
       2.461
       3.103
       3.633
       3.681
      54.839
       5.253
       9.845
      12.994
      11.447
       8.758
      18.734
      35.049
      41.815
      41.037
     109.928
      18.339
       6.793
      11.382
      16.020
      15.388
       7.511
       2.865
       2.932
       5.030
       7.891
      12.602
      15.298
      13.619
       9.579
       6.085
       2.692
       1.965
       1.003
       3.293
       1.652
       1.416
       1.416
       1.652
       5.117
       6.234
       7.798
       8.573
       5.626
