      48.943
       5.880
       2.436
       5.562
       6.829
       4.116
       3.275
       1.979
       8.974
       1.535
       1.977
       2.573
       3.854
       6.286
      16.582
      11.307
       5.455
       2.613
       2.571
       1.892
       1.412
       1.817
       2.295
       2.986
       4.979
       8.334
       3.600
       6.812
      11.058
      45.763
     155.049
     138.627
      29.266
      14.068
       1.809
       1.211
       0.646
       1.071
       0.761
       0.678
       0.714
       0.831
       1.443
       1.867
       2.512
       1.540
       1.304
