      28.043
       5.925
       1.648
       2.982
       4.219
       4.853
       4.693
       3.135
     842.200
       2.741
       4.113
       6.089
      10.856
      19.428
      28.515
     103.925
      36.258
       7.105
       7.131
       4.178
       2.607
       3.735
       5.244
       7.563
      11.505
       3.658
       4.110
      10.547
      19.121
      18.583
      32.959
      27.681
      15.584
       8.461
       2.474
       1.614
       0.809
       1.724
       1.086
       0.948
       0.985
       1.161
       2.519
       3.423
       5.028
       2.993
       2.335
