       8.613
       2.975
       0.998
       1.581
       1.901
       2.454
       2.776
       2.808
      34.388
       4.105
       6.701
       7.701
       6.935
       5.580
       7.121
      12.227
      11.708
      17.409
      38.380
      15.027
       8.803
      20.372
      41.507
      31.861
      10.271
       5.411
       3.391
       7.412
      20.450
      19.459
      15.956
      13.296
       6.948
       7.155
       3.416
       2.437
       1.152
       4.060
       1.922
       1.605
       1.641
       1.978
       7.426
      10.026
      12.854
       7.510
       5.312
