       1.555
       2.454
       8.352
       6.046
       7.115
      18.288
      27.700
     119.331
       2.494
      23.804
      13.325
      10.206
       6.257
       4.001
       2.481
       2.676
       3.667
       5.813
       4.326
       4.889
       2.378
       2.269
       2.187
       2.030
       1.667
       0.955
       1.076
       1.469
       1.649
       1.475
       1.390
       1.268
       1.229
       0.750
       0.998
       0.860
       0.595
       1.588
       0.994
       0.935
       0.850
       0.884
       1.631
       1.568
       1.626
       5.666
       4.720
