       1.498
       0.895
       0.712
       0.979
       1.156
       1.289
       1.356
       1.331
       3.365
       1.762
       2.237
       2.323
       2.260
       2.162
       2.091
       2.591
       3.078
       3.305
       4.304
       3.685
       5.785
      10.699
      14.266
      13.460
       9.214
       7.918
      26.203
      10.693
       4.458
       2.807
       2.019
       1.807
       1.149
       2.534
      13.548
       8.534
       2.074
       4.950
       2.854
       2.159
       2.644
       3.955
      15.098
      84.879
      35.811
       2.822
       2.535
