       0.627
       0.452
       0.394
       0.486
       0.548
       0.619
       0.660
       0.716
       0.980
       0.996
       1.065
       0.997
       0.900
       0.828
       0.773
       0.869
       0.995
       1.204
       1.358
       1.474
       2.539
       2.268
       1.941
       1.673
       1.478
       1.566
       5.112
       1.519
       1.092
       0.865
       0.732
       0.681
       0.521
       0.749
      12.682
      18.529
       7.223
       4.594
      18.983
      12.744
     111.925
     120.483
       3.517
       2.827
       2.220
       1.440
       1.532
