       7.542
       6.148
       1.664
       5.573
       6.259
       3.893
       3.469
       3.796
       6.530
      15.177
      30.735
      31.184
      23.811
      18.790
      12.373
      11.447
      16.757
      42.496
      15.239
      31.365
       9.232
       6.332
       4.791
       3.585
       2.274
       1.161
       1.386
       1.825
       2.141
       2.738
       4.044
       4.235
       5.572
       2.368
       1.520
       1.385
       0.928
       4.367
       1.988
       1.810
       1.568
       1.624
       3.965
       3.152
       2.857
     315.392
     149.437
