       4.621
       1.825
       0.974
       1.434
       1.805
       2.212
       2.407
       2.302
      12.494
       3.081
       4.630
       5.349
       5.356
       4.846
       4.349
       6.269
       9.115
       9.667
      15.702
       8.589
       7.155
      17.685
      62.409
     173.239
      32.478
       9.615
       4.539
      20.118
      38.743
      21.160
      12.818
      10.505
       4.527
       7.552
       4.574
       2.952
       1.246
       3.846
       1.931
       1.590
       1.688
       2.111
       7.995
      14.467
      26.265
       5.127
       3.938
