      45.212
      13.709
       2.156
       5.162
       7.148
       8.069
       6.939
       3.671
      30.163
       2.652
       3.817
       5.789
      12.011
      37.480
     887.571
     159.422
      21.406
       5.573
       5.085
       3.326
       2.044
       2.690
       3.450
       4.433
       6.019
       3.355
       2.986
       6.206
      10.171
      10.501
      10.626
      11.486
      19.171
       4.548
       1.854
       1.286
       0.694
       1.407
       0.919
       0.816
       0.836
       0.963
       1.904
       2.410
       3.241
       2.551
       2.025
