       3.172
       1.416
       0.705
       0.988
       1.163
       1.432
       1.603
       1.794
       6.734
       3.042
       3.872
       3.540
       2.882
       2.409
       2.570
       3.488
       3.649
       5.596
       7.893
       9.203
      52.879
     213.565
      97.608
      50.355
      22.612
       7.927
       3.379
      16.034
      16.518
      10.413
       7.067
       6.157
       3.117
       5.205
       3.574
       3.358
       1.668
      15.478
       3.976
       3.026
       3.064
       3.809
      51.858
      17.265
      18.556
       6.930
       6.375
