       0.724
       0.492
       0.403
       0.495
       0.562
       0.651
       0.705
       0.791
       1.084
       1.160
       1.212
       1.104
       0.965
       0.868
       0.807
       0.916
       1.046
       1.326
       1.488
       1.694
       3.090
       2.614
       2.490
       2.672
       3.372
       3.162
       7.742
       3.666
       2.072
       1.488
       1.110
       1.043
       0.690
       1.426
       9.726
       5.135
       3.635
       6.453
     172.512
     102.990
      51.851
      17.573
       6.310
       8.175
       6.032
       1.720
       1.904
