       5.979
       2.323
       0.829
       1.285
       1.475
       1.849
       2.109
       2.346
      17.307
       4.048
       5.847
       5.541
       4.368
       3.533
       4.882
       7.602
       6.756
      10.608
      18.539
      18.387
      25.771
     143.325
      52.952
      29.167
      13.514
       6.196
       2.712
       9.910
      18.907
      14.750
      11.356
       9.697
       5.189
       6.187
       3.328
       2.726
       1.345
       7.342
       2.683
       2.173
       2.172
       2.616
      15.104
      13.411
      10.685
       9.939
       7.568
