       9.996
       2.903
       1.528
       2.673
       3.571
       3.562
       3.356
       2.366
      63.972
       2.176
       3.092
       4.189
       6.306
       9.466
      15.712
      27.134
      14.340
       5.060
       5.421
       3.401
       2.424
       3.562
       5.179
       8.178
      19.795
       7.101
       6.042
      22.567
      71.255
      83.975
      45.520
      31.003
       9.203
      12.164
       3.012
       1.820
       0.858
       1.679
       1.089
       0.943
       1.003
       1.205
       2.545
       3.691
       5.836
       2.490
       2.005
