       9.154
       8.385
       1.911
       7.790
       9.029
       4.991
       5.233
       7.229
       6.246
      16.224
      86.345
     110.064
      72.192
      41.373
      17.825
      13.159
      19.933
      81.661
      28.122
      26.564
       5.377
       5.872
       5.828
       5.094
       3.430
       1.370
       1.793
       2.701
       3.042
       2.673
       3.683
       4.004
       6.645
       2.240
       1.690
       1.376
       0.825
       2.757
       1.444
       1.293
       1.218
       1.332
       3.292
       3.284
       3.520
      17.006
       9.099
