       4.516
       1.864
       1.260
       2.048
       2.546
       2.518
       2.433
       1.887
      18.365
       1.901
       2.624
       3.310
       4.335
       5.488
       7.401
      10.425
       8.348
       4.254
       4.889
       3.201
       2.602
       4.042
       6.264
      11.339
      80.297
      21.658
      10.964
     113.522
     196.567
      28.704
      11.047
       9.108
       3.396
       9.920
       4.434
       2.361
       0.994
       1.857
       1.214
       1.034
       1.131
       1.396
       3.027
       4.892
       8.897
       2.346
       1.931
