       4.410
       8.570
       3.877
      14.364
      20.381
      17.092
      15.021
      16.113
       6.310
       9.504
      18.567
      59.199
      64.044
      22.114
       7.255
       7.291
      13.043
      15.772
       9.411
       7.160
       2.896
       3.287
       3.575
       3.616
       3.077
       1.493
       1.682
       2.646
       3.208
       2.742
       2.534
       2.318
       3.883
       1.323
       1.414
       1.119
       0.680
       1.779
       1.067
       0.967
       0.927
       1.016
       2.129
       2.281
       2.608
       5.855
       4.165
