      11.949
       4.957
       1.010
       2.332
       2.341
       2.521
       3.013
       3.492
      33.118
       6.499
      11.936
      11.633
       7.873
       8.104
      16.077
      25.634
      33.995
      36.976
     265.287
      60.358
      11.663
      17.661
      16.959
      11.210
       5.206
       2.689
       2.397
       3.791
       6.972
      10.284
      12.088
      10.988
       8.315
       5.327
       2.502
       1.984
       1.068
       4.454
       1.968
       1.679
       1.628
       1.868
       6.524
       6.591
       6.797
      16.282
       9.397
