      15.962
       4.223
       1.348
       2.252
       2.997
       3.754
       3.953
       3.126
     211.235
       3.242
       5.171
       7.510
      11.083
      12.756
      13.491
      28.765
      42.966
      11.103
      12.739
       6.201
       3.670
       5.815
       9.095
      14.435
      15.579
       4.055
       4.282
      10.242
      15.438
      25.762
      27.268
      21.931
      10.959
       8.515
       2.964
       1.920
       0.923
       2.238
       1.311
       1.130
       1.173
       1.394
       3.505
       4.971
       7.721
       4.027
       3.029
