      11.404
      18.498
       4.737
      56.888
     140.516
      18.984
       9.315
       3.562
       5.539
       2.011
       2.526
       3.445
       5.696
       9.965
      14.692
       8.563
       5.431
       2.884
       2.556
       1.980
       1.312
       1.560
       1.823
       2.124
       2.618
       2.698
       1.770
       2.825
       3.835
       5.265
       6.487
       6.040
       5.105
       2.124
       1.185
       0.880
       0.529
       0.969
       0.679
       0.619
       0.625
       0.698
       1.205
       1.411
       1.727
       1.692
       1.419
