      27.758
      12.518
       1.869
       5.688
       6.059
       7.875
       8.055
       4.698
      33.840
       3.544
       5.581
       9.543
      26.426
     112.866
     137.761
      84.051
      73.801
       9.131
       7.842
       4.670
       2.537
       3.375
       4.338
       5.420
       6.204
       2.620
       2.797
       5.613
       8.296
       6.804
       7.936
       8.763
      14.375
       3.844
       1.915
       1.353
       0.733
       1.644
       1.027
       0.909
       0.920
       1.056
       2.239
       2.786
       3.699
       3.415
       2.600
