       6.719
       7.090
       2.275
       7.755
       9.245
       6.292
       5.469
       6.135
       4.420
      34.135
     163.689
      91.236
      42.794
      25.166
      11.573
       8.574
      11.802
      25.428
      14.319
      29.791
       6.193
       5.542
       4.831
       3.921
       2.600
       1.143
       1.495
       2.082
       2.271
       2.119
       2.882
       3.125
       5.186
       1.849
       1.510
       1.303
       0.833
       3.128
       1.580
       1.434
       1.300
       1.380
       3.295
       2.965
       2.933
      45.452
      18.965
