       2.993
       5.542
       4.612
       9.571
      12.405
      16.899
      18.599
      11.333
       3.112
     231.918
      64.411
      27.639
      17.111
       9.947
       4.250
       3.460
       4.950
      11.718
       8.034
      10.890
       3.853
       3.566
       3.298
       2.886
       2.137
       1.042
       1.294
       1.791
       1.982
       1.665
       1.640
       1.610
       2.730
       1.039
       1.253
       1.077
       0.715
       2.271
       1.284
       1.189
       1.074
       1.127
       2.348
       2.188
       2.225
      14.096
       9.759
