      19.119
       9.872
       1.542
       5.310
       5.313
       5.488
       6.680
       5.575
      18.055
       5.457
      10.572
      22.449
      50.672
      51.886
      52.346
      54.958
     195.951
      27.343
      19.508
       8.903
       3.707
       5.019
       6.343
       7.195
       5.987
       2.031
       2.571
       4.702
       5.971
       4.885
       7.640
       8.236
      11.226
       3.760
       2.033
       1.485
       0.809
       2.151
       1.238
       1.089
       1.082
       1.236
       2.952
       3.526
       4.484
       5.720
       3.981
