       4.557
       8.175
       6.516
      25.250
      45.858
      68.251
      66.552
       9.101
       6.232
       3.671
       4.918
       7.703
      16.035
      23.174
      10.951
       9.281
       8.925
       5.146
       4.076
       3.129
       1.753
       2.041
       2.323
       2.569
       2.710
       1.854
       1.634
       2.616
       3.403
       3.564
       3.592
       3.157
       2.866
       1.395
       1.224
       0.938
       0.573
       1.220
       0.803
       0.733
       0.721
       0.795
       1.474
       1.661
       1.978
       2.667
       2.134
