       8.831
       6.579
       1.499
       5.405
       5.895
       3.393
       3.275
       4.285
       8.246
      15.999
      24.885
      28.378
      25.632
      21.818
      15.164
      14.685
      22.908
      73.868
      22.306
      62.668
       9.650
       7.623
       5.968
       4.441
       2.714
       1.289
       1.562
       2.130
       2.488
       3.188
       4.781
       4.984
       6.352
       2.687
       1.669
       1.468
       0.934
       4.182
       1.899
       1.701
       1.523
       1.620
       4.277
       3.587
       3.361
     424.082
      40.080
