      11.758
      17.031
       2.587
      15.281
      17.338
      16.062
      13.429
       5.289
      13.297
       3.144
       4.511
       7.254
      18.124
      91.545
      39.329
      28.289
      17.314
       5.873
       4.925
       3.392
       1.951
       2.431
       2.948
       3.504
       4.091
       2.534
       2.230
       4.029
       5.763
       6.040
       5.759
       4.813
       8.935
       2.139
       1.529
       1.117
       0.639
       1.337
       0.872
       0.784
       0.787
       0.888
       1.719
       2.056
       2.603
       2.696
       2.128
