      25.986
      46.393
       5.462
      30.077
      44.386
       7.286
       4.659
       2.334
       4.428
       1.505
       1.841
       2.377
       3.551
       5.584
       9.862
       6.152
       3.806
       2.139
       1.980
       1.562
       1.118
       1.340
       1.572
       1.860
       2.451
       3.615
       1.842
       2.824
       3.791
       6.257
       9.610
      10.434
      10.207
       3.122
       1.162
       0.851
       0.509
       0.854
       0.620
       0.564
       0.578
       0.650
       1.070
       1.278
       1.573
       1.344
       1.151
