       2.301
       3.848
       9.099
      10.664
      14.162
      47.037
      93.253
      94.554
       3.866
       9.428
      11.588
      16.425
      14.842
       8.429
       4.290
       4.534
       6.240
       7.294
       5.111
       4.628
       2.200
       2.337
       2.439
       2.428
       2.148
       1.256
       1.314
       1.926
       2.285
       2.104
       2.001
       1.791
       1.695
       0.961
       1.121
       0.914
       0.593
       1.457
       0.919
       0.849
       0.802
       0.860
       1.636
       1.694
       1.872
       4.388
       3.415
