       2.604
       4.371
       4.317
       7.184
       8.921
      12.218
      13.945
      11.027
       2.074
     124.836
      25.417
      16.612
      11.261
       7.328
       3.544
       2.665
       3.270
       5.598
       4.662
       7.371
       3.996
       3.113
       2.629
       2.188
       1.593
       0.819
       1.049
       1.347
       1.430
       1.253
       1.354
       1.389
       2.353
       0.942
       1.100
       1.012
       0.735
       2.573
       1.458
       1.390
       1.188
       1.190
       2.268
       1.919
       1.813
      13.501
      15.752
