       7.396
       5.232
       1.309
       4.191
       4.530
       2.760
       2.509
       2.700
       8.594
       7.894
      13.652
      15.359
      14.323
      13.366
      11.205
      11.750
      16.465
      33.567
      23.181
      50.010
      10.870
       5.926
       4.182
       3.090
       2.047
       1.345
       1.267
       1.710
       2.542
       3.660
       4.952
       4.951
       5.476
       2.767
       1.475
       1.420
       1.012
       5.784
       2.462
       2.271
       1.859
       1.856
       4.268
       3.059
       2.600
     124.275
     398.380
