      10.250
       5.231
       0.997
       2.953
       2.904
       2.165
       2.522
       3.291
      19.249
       8.295
      12.374
       8.978
       8.329
      11.225
      15.057
      19.918
      28.919
      45.122
     103.744
     297.064
      18.620
      14.326
       9.619
       6.241
       3.451
       2.091
       1.829
       2.715
       4.707
       6.892
       8.636
       8.207
       7.241
       4.204
       2.060
       1.798
       1.078
       5.758
       2.272
       1.967
       1.798
       1.971
       6.486
       5.177
       4.616
      56.551
      24.937
