       6.618
       2.734
       0.770
       1.370
       1.443
       1.648
       1.903
       2.274
      17.428
       4.482
       5.892
       4.959
       3.674
       3.427
       6.209
       9.525
       8.751
       8.543
      16.628
      19.989
     113.275
      43.981
      23.344
      15.653
       8.738
       4.805
       2.116
       6.811
      13.056
      11.786
      10.163
       8.933
       5.396
       5.446
       2.653
       2.410
       1.354
      10.912
       3.177
       2.594
       2.433
       2.781
      14.438
       8.707
       6.461
      14.091
      12.053
