       6.785
       2.307
       1.193
       1.864
       2.438
       2.863
       2.983
       2.495
      27.163
       2.783
       4.215
       5.516
       6.940
       7.535
       7.312
      12.100
      16.678
       8.502
      10.953
       5.778
       4.052
       7.099
      12.948
      28.983
      32.146
       8.581
       5.637
      15.172
      57.726
      36.329
      21.493
      16.628
       6.364
       9.374
       3.923
       2.362
       1.040
       2.503
       1.448
       1.231
       1.305
       1.592
       4.301
       6.919
      12.828
       3.764
       2.911
